File	Time	Long	Lat	Alt	course	pitch	roll
"../360Images/1.jpg" 0.00000000 0.02216269 0.00271063 -0.03946153 179.59623508 -0.00000003 358.96776417 
"../360Images/2.jpg" 0.00000000 0.02701055 0.00467848 -0.05232539 9.01449402 79.57294399 185.44613416 
"../360Images/3.jpg" 0.00000000 0.00214880 0.01583077 -0.19000021 5.48323910 79.91818731 179.95222554 
"../360Images/4.jpg" 0.00000000 -0.02122059 0.00688450 -0.23206344 9.24931622 79.68652259 184.72538113 
"../360Images/5.jpg" 0.00000000 -0.02271026 -0.00470303 -0.38764598 4.45584245 79.79236291 179.30845543 
"../360Images/6.jpg" 0.00000000 0.00649410 -0.02503788 -0.51396319 8.35248792 81.42760454 183.99982110 
"../360Images/7.jpg" 0.00000000 -0.00158036 -0.05187780 -0.74220287 10.15400330 81.98697601 183.25416745 
"../360Images/8.jpg" 0.00000000 -0.01894461 -0.05455762 -0.80044222 8.07698338 82.12700358 181.77126392 
"../360Images/9.jpg" 0.00000000 -0.03049679 -0.05727617 -0.85425395 9.14477438 82.41576241 183.23319554 
"../360Images/10.jpg" 0.00000000 -0.01230036 -0.07119483 -1.45980925 11.03289202 80.69681669 185.62862264 
"../360Images/11.jpg" 0.00000000 -0.01293285 -0.07860691 -1.56553811 11.12953335 81.31356930 186.12675205 
"../360Images/12.jpg" 0.00000000 -0.02069164 -0.10085234 -1.81373910 179.74933079 -1.54603943 358.30017185 
"../360Images/13.jpg" 0.00000000 -0.04355146 -0.14106654 -2.08847971 13.96779099 80.01947331 187.90075974 
"../360Images/14.jpg" 0.00000000 -0.08756986 -0.14202355 -2.20522101 8.50301918 79.49525634 182.85863520 
"../360Images/15.jpg" 0.00000000 -0.13198242 -0.14054277 -2.49574304 9.16173375 76.76363528 183.87756654 
"../360Images/16.jpg" 0.00000000 -0.15667796 -0.16474993 -2.65641333 12.95930553 74.34894242 187.45911575 
"../360Images/17.jpg" 0.00000000 -0.24484076 -0.17504268 -3.06706744 10.56736518 69.86926484 185.16120786 
"../360Images/18.jpg" 0.00000000 -0.26681061 -0.14951989 -3.19429743 4.08892861 68.83833539 178.99529292 
"../360Images/19.jpg" 0.00000000 -0.31714033 -0.22325831 -3.39358418 9.81372209 66.51246624 183.92905883 
"../360Images/20.jpg" 0.00000000 -0.43852324 -0.17069333 -3.88633989 10.39257781 63.45275047 185.42862246 
"../360Images/21.jpg" 0.00000000 -0.54821903 -0.22352734 -4.21290920 7.58696838 61.12250383 181.93239310 
"../360Images/22.jpg" 0.00000000 -0.61584499 -0.23632498 -4.39301115 10.17785131 60.08513665 184.64422375 
"../360Images/23.jpg" 0.00000000 -0.67595842 -0.21302563 -4.54886125 11.02877250 58.96880553 185.78754687 
"../360Images/24.jpg" 0.00000000 -0.81303823 -0.25841459 -4.87561923 5.81674981 56.50426198 179.83400366 
"../360Images/25.jpg" 0.00000000 -0.87747923 -0.23437472 -4.98271425 10.61703390 55.98595352 185.74781551 
"../360Images/26.jpg" 0.00000000 -0.95624760 -0.29360118 -5.17267610 7.26112941 55.57967721 181.34906362 
"../360Images/27.jpg" 0.00000000 -1.02800333 -0.28090620 -5.28833220 11.63771718 54.61066556 185.91874531 
"../360Images/28.jpg" 0.00000000 -1.24853360 -0.28598391 -5.62796467 9.05399764 51.78639723 183.70033707 
"../360Images/29.jpg" 0.00000000 -1.34484119 -0.25921576 -5.81632305 6.68927607 50.95669362 181.45471594 
"../360Images/30.jpg" 0.00000000 -1.40533228 -0.31413233 -5.91819449 11.66592587 50.55800619 186.32449265 
"../360Images/31.jpg" 0.00000000 -1.60585390 -0.29009729 -6.18496442 10.03875135 49.09130164 184.94479638 
"../360Images/32.jpg" 0.00000000 -2.02246167 -0.28526632 -6.66066800 181.88888580 -38.93024929 359.48850522 
"../360Images/33.jpg" 0.00000000 -2.20899384 -0.35377246 -6.80609711 7.64224881 38.54640910 181.27752141 
"../360Images/34.jpg" 0.00000000 -2.40070934 -0.44464500 -6.96002120 11.30490644 33.60772039 182.95257494 
"../360Images/35.jpg" 0.00000000 -2.65455675 -0.37055443 -7.10524627 7.77835063 28.96126518 179.66908526 
"../360Images/36.jpg" 0.00000000 -2.91917323 -0.29503997 -7.23210256 11.94069475 24.73980493 184.54347404 
"../360Images/37.jpg" 0.00000000 -3.10840277 -0.46382833 -7.30440867 14.90555208 20.12201495 183.34557134 
"../360Images/38.jpg" 0.00000000 -3.18463707 -0.42005439 -7.33152458 13.89674833 18.50330312 182.11110419 
"../360Images/39.jpg" 0.00000000 -3.31885545 -0.29483672 -7.35820681 11.21640728 15.12489949 180.51219767 
"../360Images/40.jpg" 0.00000000 -3.52300040 -0.32011631 -7.42199745 12.16539536 10.09501643 178.66200988 
"../360Images/41.jpg" 0.00000000 -3.63906816 -0.18931547 -7.43982040 9.70192670 6.81549573 178.69264785 
"../360Images/42.jpg" 0.00000000 -3.95154541 -0.17650685 -7.47319187 10.73437425 -0.58322375 169.74090715 
"../360Images/43.jpg" 0.00000000 -4.14643462 -0.38004286 -7.47996971 37.36606462 -3.68404772 156.96975870 
"../360Images/44.jpg" 0.00000000 -4.29402459 -0.24705469 -7.48822438 48.92177008 -5.52395500 151.61067910 
"../360Images/45.jpg" 0.00000000 -4.50099932 -0.36008003 -7.49563014 130.10857158 -5.80407296 76.20367553 
"../360Images/46.jpg" 0.00000000 -4.65174318 -0.12974999 -7.48831678 169.40098815 -5.17925603 33.04051727 
"../360Images/47.jpg" 0.00000000 -4.90300335 -0.27388288 -7.48913016 172.59874453 -2.91600827 31.26230356 
"../360Images/48.jpg" 0.00000000 -5.02747687 -0.24598587 -7.48403919 177.17886067 -2.02837139 25.47915320 
"../360Images/49.jpg" 0.00000000 -5.17116222 -0.38077810 -7.46518758 171.84279951 -0.52677683 25.69565583 
"../360Images/50.jpg" 0.00000000 -5.33497951 -0.19357907 -7.44539831 177.55253971 0.24298730 14.97336786 
"../360Images/51.jpg" 0.00000000 -5.46113252 -0.29291496 -7.42931136 176.57429824 0.80916333 16.33035151 
"../360Images/52.jpg" 0.00000000 -5.61134833 -0.29882597 -7.42598359 177.79428853 1.61500133 17.40551932 
"../360Images/53.jpg" 0.00000000 -5.74264342 -0.22959661 -7.42301322 185.10000548 2.46840462 17.75039544 
"../360Images/54.jpg" 0.00000000 -5.88137910 -0.37576951 -7.40964014 184.07903887 3.93811684 23.00911861 
"../360Images/55.jpg" 0.00000000 -5.96234809 -0.36394518 -7.40241535 184.29784572 4.71988989 21.95438380 
"../360Images/56.jpg" 0.00000000 -6.04342113 -0.21982568 -7.39209766 189.21466170 5.09055057 19.71984775 
"../360Images/57.jpg" 0.00000000 -6.16387724 -0.26660354 -7.37251921 184.57574529 5.61913906 15.38259537 
"../360Images/58.jpg" 0.00000000 -6.31280269 -0.35304305 -7.36874498 184.85724847 6.38049034 19.56116755 
"../360Images/59.jpg" 0.00000000 -6.45348610 -0.20678236 -7.34766228 196.37772966 6.87742140 24.01618084 
"../360Images/60.jpg" 0.00000000 -6.51645168 -0.30350417 -7.33897775 352.34923394 -79.93997574 186.49520146 
"../360Images/61.jpg" 0.00000000 -6.66949231 -0.40598986 -7.31676682 197.35502325 7.94563307 32.53025472 
"../360Images/62.jpg" 0.00000000 -6.88536205 -0.27972269 -7.27830911 202.89771705 7.91200157 32.04218412 
"../360Images/63.jpg" 0.00000000 -7.03451235 -0.39065418 -7.26898320 194.82596290 8.33861518 28.03263100 
"../360Images/64.jpg" 0.00000000 -7.17846790 -0.16630022 -7.25243764 219.57277761 9.13776835 42.77328003 
"../360Images/65.jpg" 0.00000000 -7.37765305 -0.38127708 -7.23510585 230.68236651 9.79226647 61.61624019 
"../360Images/66.jpg" 0.00000000 -7.51906781 -0.14195211 -7.22063806 249.26332945 9.65296590 70.71442842 
"../360Images/67.jpg" 0.00000000 -7.79249491 -0.32412837 -7.20591206 252.61398662 9.06512678 81.47346382 
"../360Images/68.jpg" 0.00000000 -7.99799088 -0.45436614 -7.17228450 246.22408564 9.17365530 79.20262994 
"../360Images/69.jpg" 0.00000000 -8.16414954 -0.39597983 -7.14649349 252.76794416 9.35705553 83.55988985 
"../360Images/70.jpg" 0.00000000 -8.44141105 -0.44554530 -7.11916442 352.08937441 -80.38244401 186.78925230 
"../360Images/71.jpg" 0.00000000 -8.59500201 -0.22703853 -7.09840180 268.31082826 8.46226478 91.48333296 
"../360Images/72.jpg" 0.00000000 -8.78854876 -0.45050159 -7.06796551 278.84805523 8.96177314 110.06725683 
"../360Images/73.jpg" 0.00000000 -8.94878951 -0.23110070 -7.04991156 290.26538977 9.12822853 112.74393655 
"../360Images/74.jpg" 0.00000000 -9.20339010 -0.43092807 -7.03814464 288.64171910 7.99768273 119.38405859 
"../360Images/75.jpg" 0.00000000 -9.39820381 -0.46121662 -6.99369613 315.61968194 7.33882079 147.11880048 
"../360Images/76.jpg" 0.00000000 -9.63572197 -0.36303877 -6.94453173 323.55464374 6.47660339 150.97518775 
"../360Images/77.jpg" 0.00000000 -9.75885760 -0.44002154 -6.91542592 327.26531826 6.06259106 157.75992881 
"../360Images/78.jpg" 0.00000000 -9.90872985 -0.50692415 -6.89154192 317.58234053 5.56386343 151.77337201 
"../360Images/79.jpg" 0.00000000 -10.12334250 -0.51291102 -6.85050044 299.43178346 5.40165676 133.92739910 
"../360Images/80.jpg" 0.00000000 -10.27944669 -0.58708538 -6.81490308 271.64106823 5.30622674 110.61336132 
"../360Images/81.jpg" 0.00000000 -10.49302414 -0.38396091 -6.77973345 354.68651819 -83.95628373 185.02012040 
"../360Images/82.jpg" 0.00000000 -10.70700899 -0.41118458 -6.74723651 209.51983962 3.28316965 39.57806289 
"../360Images/83.jpg" 0.00000000 -10.88586805 -0.59372050 -6.70427441 180.14015397 1.66643125 17.57949888 
"../360Images/84.jpg" 0.00000000 -11.04449600 -0.53152386 -6.67051503 180.41969980 0.19585764 13.78128979 
"../360Images/85.jpg" 0.00000000 -11.11455152 -0.27855078 -6.65101937 -173.30490449 -0.60095403 6.22992586 
"../360Images/86.jpg" 0.00000000 -11.22403378 -0.52373336 -6.62456093 181.04884763 -1.36822867 11.84386089 
"../360Images/87.jpg" 0.00000000 -11.37128108 -0.56053990 -6.59982698 180.33243907 -1.16083551 12.06287442 
"../360Images/88.jpg" 0.00000000 -11.44393993 -0.41260054 -6.58674629 186.74656223 -1.08894610 12.21334614 
"../360Images/89.jpg" 0.00000000 -11.56555810 -0.58663023 -6.57136706 182.57640369 -0.99368184 13.82038052 
"../360Images/90.jpg" 0.00000000 -11.72022367 -0.62882748 -6.53688953 181.75298187 -0.86130188 14.66428562 
"../360Images/91.jpg" 0.00000000 -11.79936066 -0.35763039 -6.52210232 186.83882793 -1.15705706 8.60939786 
"../360Images/92.jpg" 0.00000000 -11.97284438 -0.62123589 -6.48457909 179.80572097 -1.18384174 11.96733572 
"../360Images/93.jpg" 0.00000000 -12.18702081 -0.44291517 -6.45386005 184.76539314 -1.10252947 9.50579650 
"../360Images/94.jpg" 0.00000000 -12.31743746 -0.72018567 -6.42431970 180.95155782 -0.62710268 14.40548622 
"../360Images/95.jpg" 0.00000000 -12.47853388 -0.57199967 -6.39996117 182.18218893 -0.31450139 10.81038187 
"../360Images/96.jpg" 0.00000000 -12.59716662 -0.46501148 -6.37488301 185.10880030 -0.60852157 9.02082334 
"../360Images/97.jpg" 0.00000000 -12.73161319 -0.71164817 -6.36365020 180.77109104 -0.85688056 14.34874238 
"../360Images/98.jpg" 0.00000000 -12.81389809 -0.62537218 -6.35811164 181.90126626 -1.00127923 12.21042343 
"../360Images/99.jpg" 0.00000000 -12.94311534 -0.48469204 -6.34644168 185.42633189 -1.28371425 9.99655654 
"../360Images/100.jpg" 0.00000000 -13.07310959 -0.67150824 -6.32028714 183.48963790 -1.24958949 13.28582277 
"../360Images/101.jpg" 0.00000000 -13.21679510 -0.46398689 -6.29227770 186.26020973 -1.60974054 8.81846048 
"../360Images/102.jpg" 0.00000000 -13.38686972 -0.66402817 -6.26345283 353.45223639 -81.61206974 187.66548625 
"../360Images/103.jpg" 0.00000000 -13.45816028 -0.70225347 -6.25774448 180.16454983 -2.83441244 14.09200017 
"../360Images/104.jpg" 0.00000000 -13.53134297 -0.64862367 -6.25121517 180.55743477 -3.16523718 11.69381679 
"../360Images/105.jpg" 0.00000000 -13.71817838 -0.61725736 -6.20844764 183.10134762 -2.93746300 9.75842369 
"../360Images/106.jpg" 0.00000000 -13.77772106 -0.59197729 -6.18952862 185.01643441 -2.22745661 10.87768200 
"../360Images/107.jpg" 0.00000000 -13.83680374 -0.53501578 -6.16996925 186.39914574 -1.90560684 9.64611580 
"../360Images/108.jpg" 0.00000000 -13.92154829 -0.32777499 -6.13311194 -168.37974935 -1.81386772 6.55031965 
"../360Images/109.jpg" 0.00000000 -14.00581518 -0.64638735 -6.11868420 183.33750768 -1.85692271 12.71238749 
"../360Images/110.jpg" 0.00000000 -14.25221548 -0.84143179 -6.09950973 180.63467633 -1.55686720 16.11274124 
"../360Images/111.jpg" 0.00000000 -14.39570982 -1.02681439 -6.07026276 178.69372186 -1.04926590 20.02522553 
"../360Images/112.jpg" 0.00000000 -14.55668021 -0.94305699 -6.03626106 179.23252543 -1.25848625 16.19822561 
"../360Images/113.jpg" 0.00000000 -14.70851159 -0.93245050 -6.00155481 178.07235510 -1.65795344 16.70993836 
"../360Images/114.jpg" 0.00000000 -14.86739955 -0.86479459 -5.97833018 178.00450720 -2.05868834 15.60733846 
"../360Images/115.jpg" 0.00000000 -14.94466615 -0.74240694 -5.96829463 181.84826399 -1.72293646 14.19575145 
"../360Images/116.jpg" 0.00000000 -15.07145571 -0.64380724 -5.94271287 185.23429749 -1.65106275 12.28813727 
"../360Images/117.jpg" 0.00000000 -15.18758210 -0.66463850 -5.91864867 182.83234007 -1.41969512 10.87633677 
"../360Images/118.jpg" 0.00000000 -15.30167512 -0.71365998 -5.88853964 183.38352032 -1.68968235 13.53234509 
"../360Images/119.jpg" 0.00000000 -15.42440203 -0.83773776 -5.86091755 177.93484751 -2.24737180 15.87491782 
"../360Images/120.jpg" 0.00000000 -15.55934067 -0.90419925 -5.82821799 176.22088853 -2.37923454 18.14585486 
"../360Images/121.jpg" 0.00000000 -15.69698717 -0.87650181 -5.79075121 179.22709258 -2.28042098 20.28284925 
"../360Images/122.jpg" 0.00000000 -15.83251916 -0.89613830 -5.76014835 177.77502646 -2.32321125 21.25033191 
"../360Images/123.jpg" 0.00000000 -15.96821682 -0.75406116 -5.73215041 181.10787284 -2.53206171 15.94254613 
"../360Images/124.jpg" 0.00000000 -16.08398161 -0.77238351 -5.71182232 179.78884442 -3.01371901 19.35139231 
"../360Images/125.jpg" 0.00000000 -16.20862909 -0.92388322 -5.68841152 171.82175896 -3.54703970 26.96791338 
"../360Images/126.jpg" 0.00000000 -16.41007157 -0.94285312 -5.64842040 165.49448577 -3.84958975 30.38386029 
"../360Images/127.jpg" 0.00000000 -16.55350288 -0.96557057 -5.62609140 162.62141365 -3.82557626 32.41801185 
"../360Images/128.jpg" 0.00000000 -16.62643385 -0.85948495 -5.61669326 169.16698967 -3.88132858 27.23244913 
"../360Images/129.jpg" 0.00000000 -16.80055569 -0.97830119 -5.56766380 151.96462876 -4.29755698 49.28977604 
"../360Images/130.jpg" 0.00000000 -16.86337704 -1.05476389 -5.54608460 137.49215418 -4.14820436 64.92441567 
"../360Images/131.jpg" 0.00000000 -17.00107838 -1.05069336 -5.50432451 127.43775137 -4.07859022 82.20207928 
"../360Images/132.jpg" 0.00000000 -17.13868601 -1.10458437 -5.46991585 284.27920725 -86.77476122 255.62316778 
"../360Images/133.jpg" 0.00000000 -17.28687688 -1.07183415 -5.44338106 122.38689771 -3.80418812 82.22141223 
"../360Images/134.jpg" 0.00000000 -17.42616457 -1.04251225 -5.41658018 118.30233804 -3.70473313 89.39313093 
"../360Images/135.jpg" 0.00000000 -17.49642073 -1.03680482 -5.40500238 107.57358315 -3.51333039 101.94817251 
"../360Images/136.jpg" 0.00000000 -17.63832334 -1.01972760 -5.37937825 90.63723803 -3.53405439 114.50665488 
"../360Images/137.jpg" 0.00000000 -17.77165553 -0.96582995 -5.35545307 84.32066495 -3.72114981 122.19074368 
"../360Images/138.jpg" 0.00000000 -17.97387453 -0.99932370 -5.32196446 82.58271997 -3.59483774 125.54166691 
"../360Images/139.jpg" 0.00000000 -18.10592912 -0.85143011 -5.30772299 51.52752233 -4.08471045 148.67892042 
"../360Images/140.jpg" 0.00000000 -18.29094108 -0.98004366 -5.28079150 44.11349022 -3.46104065 153.27407784 
"../360Images/141.jpg" 0.00000000 -18.41732271 -0.96346883 -5.25677241 40.42755067 -3.38588053 160.21899125 
"../360Images/142.jpg" 0.00000000 -18.54040418 -1.14258878 -5.22721312 50.48224679 -3.11454055 154.47331554 
"../360Images/143.jpg" 0.00000000 -18.89408393 -1.18591969 -5.13162431 235.02768027 -86.71523218 305.23110114 
"../360Images/144.jpg" 0.00000000 -19.04146150 -1.31056456 -5.09118668 92.23457986 -3.66386932 109.13215559 
"../360Images/145.jpg" 0.00000000 -19.35763733 -1.24261255 -5.02018403 160.99108249 -2.86823411 44.88105232 
"../360Images/146.jpg" 0.00000000 -19.57695571 -0.81588830 -4.97733434 184.47204891 -1.21463845 16.62269644 
"../360Images/147.jpg" 0.00000000 -19.82927848 -0.87995255 -4.92338161 188.49081411 0.96906739 17.50769582 
"../360Images/148.jpg" 0.00000000 -19.94752115 -0.87348504 -4.89639366 193.15801795 1.93938163 20.61987333 
"../360Images/149.jpg" 0.00000000 -20.12872106 -1.02003060 -4.83673850 190.02822720 2.97085936 17.79634069 
"../360Images/150.jpg" 0.00000000 -20.18849708 -1.01272889 -4.81330070 189.92830082 2.93180857 17.18073896 
"../360Images/151.jpg" 0.00000000 -20.38325465 -1.21190808 -4.75305931 182.67561033 2.69178385 16.32610564 
"../360Images/152.jpg" 0.00000000 -20.53343254 -1.13674326 -4.71972665 182.61472737 3.11815838 13.63834077 
"../360Images/153.jpg" 0.00000000 -20.67481236 -1.13601949 -4.68940688 186.19904008 3.79587157 17.39079283 
"../360Images/154.jpg" 0.00000000 -20.82297488 -1.08018451 -4.66840763 187.87795772 4.29659955 17.97511703 
"../360Images/155.jpg" 0.00000000 -20.89533501 -0.96328684 -4.66132031 189.55169990 4.31193779 16.62963560 
"../360Images/156.jpg" 0.00000000 -21.08938714 -1.06152348 -4.64048669 188.77272184 3.77996535 18.15129375 
"../360Images/157.jpg" 0.00000000 -21.15755912 -1.11073021 -4.63175532 186.90016166 3.51005537 17.06806969 
"../360Images/158.jpg" 0.00000000 -21.29460542 -1.07643608 -4.60759718 184.70423081 3.07464151 12.68199839 
"../360Images/159.jpg" 0.00000000 -21.35859341 -1.12626570 -4.59387139 186.68000804 3.47344360 15.71377141 
"../360Images/160.jpg" 0.00000000 -21.49210032 -1.23698855 -4.56209952 186.12096821 3.81688990 16.44513226 
"../360Images/161.jpg" 0.00000000 -21.56394688 -1.20301706 -4.54481411 184.93059761 3.85004381 14.25130626 
"../360Images/162.jpg" 0.00000000 -21.69881460 -1.24922929 -4.51061212 185.28270749 3.74340132 15.86611411 
"../360Images/163.jpg" 0.00000000 -21.91763432 -1.31387132 -4.46119610 185.70159667 3.63287445 17.18061671 
"../360Images/164.jpg" 0.00000000 -21.99530643 -1.19113196 -4.44825244 353.92090005 -78.16114002 185.84229849 
"../360Images/165.jpg" 0.00000000 -22.13816602 -1.15009276 -4.43052791 184.43059733 3.82977877 13.79782932 
"../360Images/166.jpg" 0.00000000 -22.27582010 -1.15406046 -4.40978577 187.08607147 3.90968974 14.42737645 
"../360Images/167.jpg" 0.00000000 -22.40953650 -1.14067142 -4.38186696 188.52063184 3.67142275 16.10101814 
"../360Images/168.jpg" 0.00000000 -22.61149849 -1.34252176 -4.33201474 188.08504054 3.04999115 18.79956292 
"../360Images/169.jpg" 0.00000000 -22.75343594 -1.32043780 -4.29223685 186.00836486 2.71586134 16.68385269 
"../360Images/170.jpg" 0.00000000 -22.90342656 -1.40497321 -4.25381660 183.78136509 2.29717358 16.91524477 
"../360Images/171.jpg" 0.00000000 -22.98298926 -1.32722883 -4.23787023 183.81479933 1.74639080 15.01362974 
"../360Images/172.jpg" 0.00000000 -23.13183463 -1.31675437 -4.20634509 183.81973310 1.22828393 15.44819178 
"../360Images/173.jpg" 0.00000000 -23.28699454 -1.37411798 -4.17779469 184.81926454 0.67385395 18.18957283 
"../360Images/174.jpg" 0.00000000 -23.44860251 -1.24960678 -4.14857603 186.97559681 0.43931245 16.75304562 
"../360Images/175.jpg" 0.00000000 -23.66035412 -1.26477623 -4.09844967 185.78090150 0.28105986 15.25832367 
"../360Images/176.jpg" 0.00000000 -23.73223129 -1.22715986 -4.08289318 184.82707656 -0.16880114 13.58054615 
"../360Images/177.jpg" 0.00000000 -23.93535583 -1.27556347 -4.03983977 183.85971398 -0.83639290 15.03540837 
"../360Images/178.jpg" 0.00000000 -24.00717380 -1.32058542 -4.02705616 181.40962713 -1.35774785 14.01938006 
"../360Images/179.jpg" 0.00000000 -24.22652355 -1.17534060 -3.99136241 184.31116447 -1.33731980 13.05843663 
"../360Images/180.jpg" 0.00000000 -24.35935254 -1.29984349 -3.96608148 182.89378516 -1.11485335 14.69637542 
"../360Images/181.jpg" 0.00000000 -24.49818368 -1.24595852 -3.93733682 183.85871171 -0.83553743 12.65085482 
"../360Images/182.jpg" 0.00000000 -24.62505524 -1.24690043 -3.90541966 184.23258914 -0.97394631 13.36962756 
"../360Images/183.jpg" 0.00000000 -24.75350952 -1.42357972 -3.87380354 181.29194213 -1.15419608 15.62820806 
"../360Images/184.jpg" 0.00000000 -24.82501472 -1.42036775 -3.85752459 183.53634253 -1.05853587 17.57738806 
"../360Images/185.jpg" 0.00000000 -24.89702629 -1.33072721 -3.84223086 352.51372512 -79.84318224 186.64139108 
"../360Images/186.jpg" 0.00000000 -25.03293828 -1.33801311 -3.82025560 184.67697349 -1.28948602 19.04615602 
"../360Images/187.jpg" 0.00000000 -25.17373736 -1.36794276 -3.79853217 183.06797274 -2.13959552 16.92512479 
"../360Images/188.jpg" 0.00000000 -25.24590340 -1.26441954 -3.78798133 183.73495111 -2.75606026 14.72056804 
"../360Images/189.jpg" 0.00000000 -25.31006750 -1.24035261 -3.77760980 183.76259486 -3.31082113 13.93189858 
"../360Images/190.jpg" 0.00000000 -25.37394790 -1.24067999 -3.76883730 182.62502716 -3.61795346 14.00187873 
"../360Images/191.jpg" 0.00000000 -25.49926179 -1.37652637 -3.75013586 181.09802913 -4.15010194 17.15785102 
"../360Images/192.jpg" 0.00000000 -25.63434919 -1.35847080 -3.73012798 180.75679162 -4.57635358 17.89398901 
"../360Images/193.jpg" 0.00000000 -25.76650277 -1.57445617 -3.70940909 173.89346719 -5.08551452 18.34012692 
"../360Images/194.jpg" 0.00000000 -25.91386095 -1.50516491 -3.68305402 175.51545429 -5.19819490 15.19802114 
"../360Images/195.jpg" 0.00000000 -26.05005786 -1.51728921 -3.65659113 347.96696505 -80.82264196 191.66286167 
"../360Images/196.jpg" 0.00000000 -26.19636474 -1.54686217 -3.63109918 174.22268857 -5.47819427 18.89172808 
"../360Images/197.jpg" 0.00000000 -26.34388973 -1.43298379 -3.60621025 174.64657003 -5.48983223 14.76546589 
"../360Images/198.jpg" 0.00000000 -26.41142970 -1.46200312 -3.59455480 175.54689943 -5.16227175 17.03475461 
"../360Images/199.jpg" 0.00000000 -26.48124159 -1.48713531 -3.58310153 174.37709122 -5.09082912 17.45592336 
"../360Images/200.jpg" 0.00000000 -26.61977175 -1.42876386 -3.55714910 181.63676487 -4.27810767 16.76231103 
"../360Images/201.jpg" 0.00000000 -26.74546566 -1.34817473 -3.52737067 184.38622342 -3.98785677 16.68148445 
"../360Images/202.jpg" 0.00000000 -26.80517704 -1.38260423 -3.51560413 183.96281069 -3.69372306 19.39409496 
"../360Images/203.jpg" 0.00000000 -26.93151245 -1.52834506 -3.49286555 181.34990344 -3.58676576 21.20501963 
"../360Images/204.jpg" 0.00000000 -27.06060453 -1.50952542 -3.45941088 181.37486989 -3.14045823 17.33413606 
"../360Images/205.jpg" 0.00000000 -27.18388537 -1.65583940 -3.42476180 180.05700695 -2.10231565 20.97820864 
"../360Images/206.jpg" 0.00000000 -27.31926747 -1.62884657 -3.39180795 183.75304719 -1.30806918 20.13147468 
"../360Images/207.jpg" 0.00000000 -27.44474666 -1.69081587 -3.35545965 182.31637003 -1.09823885 23.45265976 
"../360Images/208.jpg" 0.00000000 -27.58239613 -1.93571504 -3.31858585 178.40222673 -1.22245993 27.26879458 
"../360Images/209.jpg" 0.00000000 -27.74447215 -1.78561853 -3.28645844 180.11976352 -0.96559028 22.66337106 
"../360Images/210.jpg" 0.00000000 -27.89401202 -1.76899185 -3.25583778 182.04388075 -0.59740663 23.90461296 
"../360Images/211.jpg" 0.00000000 -28.04143352 -1.64801440 -3.22503216 187.78907480 -0.18447431 21.80427149 
"../360Images/212.jpg" 0.00000000 -28.16480859 -1.56040473 -3.18646276 188.91256155 -0.06673162 20.04833794 
"../360Images/213.jpg" 0.00000000 -28.28169162 -1.75562674 -3.14817178 183.02563009 -0.39845391 21.64684913 
"../360Images/214.jpg" 0.00000000 -28.41793066 -1.78532784 -3.10955904 181.81107156 -0.47843554 22.88717423 
"../360Images/215.jpg" 0.00000000 -28.49051959 -1.73885380 -3.09359165 181.20776831 -0.37208768 22.57382714 
"../360Images/216.jpg" 0.00000000 -28.63152527 -1.80636868 -3.06597566 347.83622653 -76.52411185 191.96247396 
"../360Images/217.jpg" 0.00000000 -28.70609985 -1.75399573 -3.05306390 186.13214446 0.54920203 25.40466872 
"../360Images/218.jpg" 0.00000000 -28.84813005 -1.60235939 -3.02306442 186.71502628 1.19299794 19.06611381 
"../360Images/219.jpg" 0.00000000 -28.97641602 -1.74176163 -2.98620058 183.93231847 1.21559939 21.38806306 
"../360Images/220.jpg" 0.00000000 -29.12198368 -1.74024162 -2.95027896 187.65818570 1.50820291 24.77029953 
"../360Images/221.jpg" 0.00000000 -29.19724630 -1.58855164 -2.93584326 190.84663101 1.85487650 24.80307907 
"../360Images/222.jpg" 0.00000000 -29.32432569 -1.69098735 -2.90333187 193.41102308 2.31196749 29.59684786 
"../360Images/223.jpg" 0.00000000 -29.38769225 -1.79955798 -2.88352180 193.93662626 2.29713256 31.91716036 
"../360Images/224.jpg" 0.00000000 -29.52935372 -1.66232328 -2.84773687 192.02605412 2.35486743 25.50915672 
"../360Images/225.jpg" 0.00000000 -29.59367444 -1.71650054 -2.82965709 196.88337640 2.68613096 33.24106665 
"../360Images/226.jpg" 0.00000000 -29.66145621 -1.80858060 -2.81337314 195.12299185 2.86164292 34.63984026 
"../360Images/227.jpg" 0.00000000 -29.73236460 -1.90409272 -2.79766367 348.20839012 -73.99825118 191.54600508 
"../360Images/228.jpg" 0.00000000 -29.88825164 -1.83854207 -2.76935554 193.75962993 3.08185342 31.26941774 
"../360Images/229.jpg" 0.00000000 -30.03407469 -1.75595324 -2.73855570 192.80551921 3.37421975 28.29174031 
"../360Images/230.jpg" 0.00000000 -30.17149033 -1.84386123 -2.70583012 194.22645102 3.82734016 27.82507542 
"../360Images/231.jpg" 0.00000000 -30.30181197 -1.91122508 -2.66583277 197.03055964 4.08472892 31.19746170 
"../360Images/232.jpg" 0.00000000 -30.44275426 -2.10203003 -2.62058042 192.05849294 3.98591132 30.06531176 
"../360Images/233.jpg" 0.00000000 -30.52102291 -2.13730865 -2.59692064 189.42546156 4.00405023 28.14449277 
"../360Images/234.jpg" 0.00000000 -30.60822683 -2.03819825 -2.57798847 190.19406007 4.12110382 26.25577649 
"../360Images/235.jpg" 0.00000000 -30.76853675 -1.83704209 -2.54456322 192.01918609 4.47368412 25.40087378 
"../360Images/236.jpg" 0.00000000 -30.84156274 -1.88397303 -2.52903969 190.93239552 4.61924450 25.14974480 
"../360Images/237.jpg" 0.00000000 -31.06666876 -1.73257337 -2.49389220 199.00005139 5.17386370 29.77210546 
"../360Images/238.jpg" 0.00000000 -31.20636491 -1.84832454 -2.46734185 197.30667102 5.13953202 29.84167996 
"../360Images/239.jpg" 0.00000000 -31.35418462 -1.85698368 -2.44222316 197.57896647 5.06418413 30.36607977 
"../360Images/240.jpg" 0.00000000 -31.49869417 -1.79861221 -2.41630841 198.98227801 4.94668726 30.53966886 
"../360Images/241.jpg" 0.00000000 -31.63588498 -1.87911950 -2.38646097 198.14651859 4.97492085 30.71220133 
"../360Images/242.jpg" 0.00000000 -31.84055865 -1.83901347 -2.34417216 200.79658447 5.19278940 32.43996203 
"../360Images/243.jpg" 0.00000000 -31.90309652 -1.97927350 -2.32787927 211.97661559 5.34310415 47.92588612 
"../360Images/244.jpg" 0.00000000 -32.05636007 -2.10179554 -2.29806696 217.85556770 5.65720217 57.01673227 
"../360Images/245.jpg" 0.00000000 -32.28962412 -2.01615326 -2.26418097 217.58683181 6.58704714 52.95323186 
"../360Images/246.jpg" 0.00000000 -32.44020744 -2.06389373 -2.23572852 222.26822012 7.25467204 56.06659484 
"../360Images/247.jpg" 0.00000000 -32.66604656 -2.03179192 -2.18785707 221.64966579 7.68079898 54.46588659 
"../360Images/248.jpg" 0.00000000 -32.89629393 -1.98657196 -2.14215290 224.85928571 8.12648541 56.64713867 
"../360Images/249.jpg" 0.00000000 -32.96875600 -2.06458846 -2.12624588 233.12595826 8.19695673 66.41978021 
"../360Images/250.jpg" 0.00000000 -33.12875132 -2.14361545 -2.09536636 237.42560626 8.42107736 71.18060700 
"../360Images/251.jpg" 0.00000000 -33.29932967 -1.79086527 -2.07135047 239.09664075 8.78679803 66.15029281 
"../360Images/252.jpg" 0.00000000 -33.42816878 -1.69078118 -2.04394302 239.01665102 8.65183718 64.40034257 
"../360Images/253.jpg" 0.00000000 -33.55810415 -1.82318289 -2.02017251 250.73140426 8.33292672 78.44125011 
"../360Images/254.jpg" 0.00000000 -33.69191397 -1.69447988 -1.99346973 255.30850148 8.55294475 79.34940593 
"../360Images/255.jpg" 0.00000000 -33.85836542 -1.90310559 -1.95226539 245.66357960 8.33932641 73.11813374 
"../360Images/256.jpg" 0.00000000 -33.97884398 -1.94788528 -1.91915598 355.36046211 -67.07924983 184.73108293 
"../360Images/257.jpg" 0.00000000 -34.08929977 -2.26298700 -1.87847116 230.31506569 7.85166336 63.26790128 
"../360Images/258.jpg" 0.00000000 -34.15103807 -2.43675071 -1.85518854 234.73525106 7.49985499 70.51553872 
"../360Images/259.jpg" 0.00000000 -34.30299059 -2.51472911 -1.80821436 244.40436731 7.09244942 82.65947839 
"../360Images/260.jpg" 0.00000000 -34.46814399 -2.34802794 -1.77638933 245.01545578 6.98259881 82.44818939 
"../360Images/261.jpg" 0.00000000 -34.70151545 -2.27070447 -1.72373848 247.85976350 6.80183285 81.05970109 
"../360Images/262.jpg" 0.00000000 -34.91297718 -2.23097563 -1.66617676 243.91767138 6.18394206 79.51601331 
"../360Images/263.jpg" 0.00000000 -35.05619381 -2.28430550 -1.63304816 251.25971816 5.84977956 89.65919161 
"../360Images/264.jpg" 0.00000000 -35.27659275 -2.37023213 -1.58360524 276.79121014 5.51817761 117.43002615 
"../360Images/265.jpg" 0.00000000 -35.34847102 -2.42936135 -1.56386672 279.32695186 5.72393953 119.84756084 
"../360Images/266.jpg" 0.00000000 -35.50122151 -2.28519260 -1.52666183 280.19009594 5.50629138 117.96275490 
"../360Images/267.jpg" 0.00000000 -35.56768858 -2.38005119 -1.50404456 349.16360818 -69.15671089 191.26425527 
"../360Images/268.jpg" 0.00000000 -35.63665472 -2.51155340 -1.48179299 263.08280475 5.37334032 107.20631060 
"../360Images/269.jpg" 0.00000000 -35.79658297 -2.49994803 -1.44465943 261.21405053 4.57753155 104.78163890 
"../360Images/270.jpg" 0.00000000 -35.88083555 -2.34424134 -1.42760875 243.03593044 4.52404596 82.37939939 
"../360Images/271.jpg" 0.00000000 -36.09098015 -2.33028556 -1.36957945 222.69005768 4.08114550 61.95723444 
"../360Images/272.jpg" 0.00000000 -36.22960025 -2.27925728 -1.33145626 202.23145289 3.21543165 40.87361247 
"../360Images/273.jpg" 0.00000000 -36.44264653 -2.41457419 -1.28059352 187.08788309 1.74073489 33.38674934 
"../360Images/274.jpg" 0.00000000 -36.59789441 -2.27590154 -1.25530220 189.45424719 0.53350329 29.70848500 
"../360Images/275.jpg" 0.00000000 -36.73355648 -2.19166358 -1.22576321 185.84573899 -1.18414138 25.46216579 
"../360Images/276.jpg" 0.00000000 -36.91885976 -2.54478775 -1.16149423 180.39455551 -2.64290136 27.07218349 
"../360Images/277.jpg" 0.00000000 -37.06363891 -2.41596595 -1.11840526 175.37786021 -5.05441472 25.21671860 
"../360Images/278.jpg" 0.00000000 -37.36378560 -2.41204024 -1.05357181 339.48099299 -70.12286911 199.63646009 
"../360Images/279.jpg" 0.00000000 -37.50846639 -2.44807546 -1.02677306 165.18337793 -10.33631259 25.07848791 
"../360Images/280.jpg" 0.00000000 -37.72835385 -2.47500086 -0.98686185 169.24304615 -14.07791828 20.62721906 
"../360Images/281.jpg" 0.00000000 -37.93225118 -2.76215915 -0.92264301 161.75889981 -17.70816342 25.67790511 
"../360Images/282.jpg" 0.00000000 -38.09086598 -2.74123136 -0.88535897 162.03301758 -21.37529514 25.52596511 
"../360Images/283.jpg" 0.00000000 -38.24879874 -2.59223348 -0.85130503 164.51559935 -25.18064743 23.14484111 
"../360Images/284.jpg" 0.00000000 -38.39280802 -2.63427226 -0.81498841 166.76603460 -28.85792991 21.57672351 
"../360Images/285.jpg" 0.00000000 -38.52855428 -2.69694084 -0.76886087 165.98266488 -32.63192835 21.46384979 
"../360Images/286.jpg" 0.00000000 -38.59476997 -2.82435245 -0.74001358 161.67065745 -38.92235486 23.39460961 
"../360Images/287.jpg" 0.00000000 -38.84448390 -2.67187284 -0.67863886 164.94831038 -44.97062241 20.35758830 
"../360Images/288.jpg" 0.00000000 -38.92623141 -2.52407464 -0.66384544 167.22238182 -50.75750055 18.01405575 
"../360Images/289.jpg" 0.00000000 -38.99670351 -2.50843903 -0.64724615 167.82766376 -54.31201022 17.37272425 
"../360Images/290.jpg" 0.00000000 -39.13092690 -2.61160469 -0.60900971 166.91331557 -63.40175162 17.77287077 
"../360Images/291.jpg" 0.00000000 -39.28369011 -2.42412031 -0.58159540 167.38974815 -65.15111022 17.02819769 
"../360Images/292.jpg" 0.00000000 -39.42077684 -2.70139231 -0.55232721 160.88103417 -70.35041528 23.36838127 
"../360Images/293.jpg" 0.00000000 -39.58537739 -2.66280099 -0.53876272 161.77055032 -73.45731732 22.66375182 
"../360Images/294.jpg" 0.00000000 -39.74156925 -2.60788610 -0.51838773 161.19492149 -77.52393264 22.84664621 
"../360Images/295.jpg" 0.00000000 -39.81754872 -2.60867198 -0.50932003 160.55525782 -79.88916894 23.36656275 
"../360Images/296.jpg" 0.00000000 -39.88947534 -2.65166147 -0.49914551 161.09020882 -82.65557144 23.02106681 
"../360Images/297.jpg" 0.00000000 -40.02530197 -2.74161773 -0.46754601 159.18982057 -83.66502161 25.34034930 
"../360Images/298.jpg" 0.00000000 -40.16270488 -2.92855845 -0.42300695 145.80426610 -85.12606550 38.63202192 
"../360Images/299.jpg" 0.00000000 -40.33945630 -2.82950946 -0.39547538 137.90454390 -86.95370145 46.14374876 
"../360Images/300.jpg" 0.00000000 -40.43622855 -2.62401421 -0.39753035 139.54560273 -88.66675152 43.70188279 
"../360Images/301.jpg" 0.00000000 -40.59391923 -2.66300808 -0.38930529 136.20640281 -89.44615222 47.50764682 
"../360Images/302.jpg" 0.00000000 -40.67051648 -2.75285790 -0.38395742 137.33918062 -90.04268472 46.48576657 
"../360Images/303.jpg" 0.00000000 -40.96206751 -2.67166089 -0.33559631 134.61348078 -91.34246452 49.43928628 
"../360Images/304.jpg" 0.00000000 -41.03004491 -2.79213599 -0.31916231 125.59030743 -92.52951172 58.65824268 
"../360Images/305.jpg" 0.00000000 -41.10510944 -2.81552481 -0.30498165 121.23818474 -92.59156913 63.16723961 
"../360Images/306.jpg" 0.00000000 -41.31845178 -2.90936754 -0.26108022 122.68298691 -92.78084751 61.74453837 
"../360Images/307.jpg" 0.00000000 -41.53627177 -2.94394060 -0.20055718 300.49270464 -69.75008994 239.92185409 
"../360Images/308.jpg" 0.00000000 -41.74419316 -3.28108515 -0.14010427 110.55488172 -92.58488092 73.77533089 
"../360Images/309.jpg" 0.00000000 -41.91447336 -3.15733594 -0.09983084 107.84390413 -92.68698616 76.13416253 
"../360Images/310.jpg" 0.00000000 -42.15199666 -2.94805122 -0.05130410 115.97461682 -92.52546468 68.17617118 
"../360Images/311.jpg" 0.00000000 -42.29791678 -2.91119433 -0.01126807 128.55478269 -92.24868811 55.75880115 
"../360Images/312.jpg" 0.00000000 -42.43002074 -2.99075887 0.03662118 122.97103347 -92.11298365 61.54770987 
"../360Images/313.jpg" 0.00000000 -42.65608309 -3.08301903 0.10201781 112.04757587 -92.33460802 72.40953864 
"../360Images/314.jpg" 0.00000000 -42.81396750 -2.98248501 0.13283013 111.79234910 -92.36320169 72.65591036 
"../360Images/315.jpg" 0.00000000 -42.95341902 -3.14383386 0.17194235 111.14317040 -92.83980688 73.20185106 
"../360Images/316.jpg" 0.00000000 -43.03062834 -3.06525301 0.19244514 113.73771683 -93.23789577 70.58700340 
"../360Images/317.jpg" 0.00000000 -43.17325864 -3.00606398 0.23583734 104.77592173 -93.79550683 79.41044737 
"../360Images/318.jpg" 0.00000000 -43.39972103 -2.96249935 0.29647814 78.31011080 -93.83515696 106.03550404 
"../360Images/319.jpg" 0.00000000 -43.47960477 -2.78030374 0.30679211 75.82668808 -94.36459265 108.47845817 
"../360Images/320.jpg" 0.00000000 -43.67796012 -2.79999359 0.34899782 75.94543314 -94.59894431 107.81958670 
"../360Images/321.jpg" 0.00000000 -43.86519558 -2.97922579 0.39359923 90.00384995 -94.91452125 94.12576757 
"../360Images/322.jpg" 0.00000000 -44.06222226 -3.37481438 0.47019595 92.20932861 -94.69187105 91.80878135 
"../360Images/323.jpg" 0.00000000 -44.22485365 -3.28750370 0.49853873 112.59490444 -94.86179101 71.31341585 
"../360Images/324.jpg" 0.00000000 -44.36774202 -3.43224235 0.53864557 133.14597490 -94.71393257 50.92226790 
"../360Images/325.jpg" 0.00000000 -44.53794473 -3.16969396 0.57247769 153.63025991 -94.79760448 29.85362355 
"../360Images/326.jpg" 0.00000000 -44.67678324 -3.01105146 0.60214382 164.75168915 -94.72853394 18.65193590 
"../360Images/327.jpg" 0.00000000 -44.78337551 -3.37923996 0.65222822 342.53919931 -64.18808108 197.33913579 
"../360Images/328.jpg" 0.00000000 -44.91127463 -3.53606360 0.71242010 169.73426852 -93.72898185 14.34426256 
"../360Images/329.jpg" 0.00000000 -44.97905382 -3.52129909 0.74656469 172.25099376 -93.18352156 12.32369214 
"../360Images/330.jpg" 0.00000000 -45.10229068 -3.55635669 0.81725367 175.18484846 -91.60048667 9.25553270 
"../360Images/331.jpg" 0.00000000 -45.33728406 -3.08432906 0.97889795 180.24795945 -86.60861003 4.20150419 
"../360Images/332.jpg" 0.00000000 -45.45424864 -3.30885323 1.12377897 180.54200916 -82.54913150 4.01653605 
"../360Images/333.jpg" 0.00000000 -45.53940070 -3.11696447 1.23266663 181.98798515 -78.66986154 2.90058163 
"../360Images/334.jpg" 0.00000000 -45.58221600 -3.27212773 1.35288210 182.11161427 -74.36636725 2.85460879 
"../360Images/335.jpg" 0.00000000 -45.63389122 -3.32144997 1.48029295 181.80334714 -69.95292225 3.10201151 
"../360Images/336.jpg" 0.00000000 -45.67910762 -3.55988320 1.61513476 181.76930986 -65.51689720 3.37126076 
"../360Images/337.jpg" 0.00000000 -45.75928351 -3.36523796 1.75993457 358.80031936 -31.80101947 182.28462198 
"../360Images/338.jpg" 0.00000000 -45.85818688 -2.48566197 1.96599819 -176.44946862 -54.88508510 1.83631209 
"../360Images/339.jpg" 0.00000000 -45.85821004 -2.64905668 2.17025141 -176.24438540 -48.02593025 2.38001004 
"../360Images/340.jpg" 0.00000000 -45.86780184 -2.61076744 2.38157453 -176.53661716 -41.87749355 2.47021860 
"../360Images/341.jpg" 0.00000000 -45.87033389 -2.59179073 2.53553730 -176.62323173 -38.05055983 2.46722579 
"../360Images/342.jpg" 0.00000000 -45.86026067 -2.12012897 2.90675054 -176.48676254 -28.76935169 1.95487208 
"../360Images/343.jpg" 0.00000000 -45.85383046 -2.03983236 2.97825410 -176.59306631 -27.02215611 2.06201772 
"../360Images/344.jpg" 0.00000000 -45.83301742 -1.82913246 3.18454449 -176.41720472 -22.14028239 2.01630567 
"../360Images/345.jpg" 0.00000000 -45.81615043 -1.80153789 3.31957176 -176.52318757 -19.65545784 1.93795685 
"../360Images/346.jpg" 0.00000000 -45.80156569 -1.48553865 3.51844170 -176.48882128 -16.26704874 1.63962618 
"../360Images/347.jpg" 0.00000000 -45.77447924 -1.41882208 3.65798373 0.86686860 15.62139764 180.67758074 
"../360Images/348.jpg" 0.00000000 -45.71885627 -1.42441954 3.86602296 -175.81529568 -12.56334067 1.67259618 
"../360Images/349.jpg" 0.00000000 -45.69537702 -1.60500580 3.93815943 -175.67634453 -12.42174900 1.79184230 
"../360Images/350.jpg" 0.00000000 -45.65657362 -1.64281811 4.09698921 -175.70706334 -12.05165736 1.82976262 
"../360Images/351.jpg" 0.00000000 -45.60972302 -1.51188334 4.32051907 -176.09839634 -11.20575934 1.46880181 
"../360Images/352.jpg" 0.00000000 -45.56514174 -0.89545778 4.54650694 -175.71505961 -10.71180078 1.00331690 
"../360Images/353.jpg" 0.00000000 -45.49426999 -1.26194101 4.74978741 -175.87781265 -11.37513886 1.49560787 
"../360Images/354.jpg" 0.00000000 -45.45040923 -1.16697457 4.90401765 -175.89273299 -12.04598998 1.49803504 
"../360Images/355.jpg" 0.00000000 -45.38298086 -1.27824191 5.11336837 -176.09802231 -12.24881606 1.57507324 
"../360Images/356.jpg" 0.00000000 -45.29556708 -1.40111350 5.45216288 -176.60993241 -13.69580172 1.23256059 
"../360Images/357.jpg" 0.00000000 -45.27715100 -1.52774440 5.52997762 -176.35245701 -16.03665861 1.22513658 
"../360Images/358.jpg" 0.00000000 -45.25918913 -1.34776955 5.68132489 -176.16511656 -20.51364378 0.58853789 
"../360Images/359.jpg" 0.00000000 -45.25575636 -1.13560778 5.75164446 -175.73722751 -23.87150380 0.23627108 
"../360Images/360.jpg" 0.00000000 -45.19389325 -0.86891161 6.02025417 -175.68724249 -27.78114414 0.13231108 
"../360Images/361.jpg" 0.00000000 -45.15299900 -1.20692707 6.15112570 -175.98578720 -34.25412798 0.07647065 
"../360Images/362.jpg" 0.00000000 -45.09240918 -1.19659000 6.43909638 -175.52976238 -39.13978498 -0.67911306 
"../360Images/363.jpg" 0.00000000 -45.05418648 -1.47985980 6.64879797 -174.80167039 -46.08589110 -1.22698021 
"../360Images/364.jpg" 0.00000000 -45.01408369 -1.47443198 6.86613826 -174.52103414 -50.15963424 -1.40202454 
"../360Images/365.jpg" 0.00000000 -44.98928170 -1.57083894 7.02125777 -175.65411639 -54.47247677 -0.64561680 
"../360Images/366.jpg" 0.00000000 -44.93760006 -1.26761995 7.32706673 -174.40828852 -58.49844417 -2.05259894 
"../360Images/367.jpg" 0.00000000 -44.90287770 -1.24331781 7.47592806 -174.02542951 -60.38179464 -2.51096575 
"../360Images/368.jpg" 0.00000000 -44.87482213 -1.17657256 7.61189527 0.40134006 29.68118799 180.03953831 
"../360Images/369.jpg" 0.00000000 -44.84209836 -1.45960256 7.75272506 -174.03632602 -61.93296511 -2.35753538 
"../360Images/370.jpg" 0.00000000 -44.82123090 -1.45480863 7.90543503 -174.33497545 -63.69615060 -2.06530908 
"../360Images/371.jpg" 0.00000000 -44.80756577 -1.11724364 8.05012051 -173.40589978 -67.12526297 -3.21252517 
"../360Images/372.jpg" 0.00000000 -44.79605425 -1.15060244 8.11597938 -172.30532028 -70.33373910 -4.30351731 
"../360Images/373.jpg" 0.00000000 -44.77233101 -1.12521923 8.25309306 -171.63966308 -73.01270485 -4.89718647 
"../360Images/374.jpg" 0.00000000 -44.74422088 -1.06584015 8.39522374 -165.21914858 -76.77432059 -11.16875244 
"../360Images/375.jpg" 0.00000000 -44.69007315 -1.09483913 8.61772661 -163.06855488 -77.71478385 -13.08751179 
"../360Images/376.jpg" 0.00000000 -44.64324796 -0.69857273 8.76933771 -153.39356096 -78.79244350 -22.85691598 
"../360Images/377.jpg" 0.00000000 -44.58129570 -0.57514835 8.88992203 -128.39530783 -79.28860988 -47.87321378 
"../360Images/378.jpg" 0.00000000 -44.49003714 -0.75456277 9.06768021 1.31787468 35.05796516 180.19091835 
"../360Images/379.jpg" 0.00000000 -44.42880336 -1.20262408 9.20123464 -71.16765199 -78.36139676 -104.75937134 
"../360Images/380.jpg" 0.00000000 -44.36512071 -0.88346542 9.41328868 -41.50303800 -77.55885423 -135.10836877 
"../360Images/381.jpg" 0.00000000 -44.30077577 -0.89801018 9.61184320 -22.98518842 -76.19264776 -153.61317658 
"../360Images/382.jpg" 0.00000000 -44.25886221 -0.77764452 9.74048640 -9.64915444 -74.66130226 -167.05855413 
"../360Images/383.jpg" 0.00000000 -44.21590294 -0.93080592 9.86173302 -10.84056872 -74.44320269 -165.70569782 
"../360Images/384.jpg" 0.00000000 -44.17351703 -0.92965745 10.00172130 -6.57509687 -74.40496305 -169.62323362 
"../360Images/385.jpg" 0.00000000 -44.13182415 -0.88926202 10.12694859 -6.41155621 -73.92801221 -170.13569119 
"../360Images/386.jpg" 0.00000000 -44.05729124 -1.10207944 10.39005154 -3.59646113 -74.06166554 -172.89749049 
"../360Images/387.jpg" 0.00000000 -44.01341134 -1.39477472 10.52204613 -6.22971053 -74.13724191 -170.19801594 
"../360Images/388.jpg" 0.00000000 -43.97510329 -1.85845413 10.66955595 -6.02370545 -74.75566413 -170.50271183 
"../360Images/389.jpg" 0.00000000 -43.96763026 -1.57937331 10.82907701 0.09027625 32.64761238 180.14570668 
"../360Images/390.jpg" 0.00000000 -43.95743586 -1.41845342 10.97266219 -6.17986709 -75.01745613 -170.56391546 
"../360Images/391.jpg" 0.00000000 -43.93814545 -1.17831214 11.11694590 -4.50832699 -74.71959643 -172.13136608 
"../360Images/392.jpg" 0.00000000 -43.91272539 -1.21923968 11.24093610 -3.68361926 -74.43018515 -173.19854434 
"../360Images/393.jpg" 0.00000000 -43.88946338 -1.49832746 11.37114430 -2.44118437 -74.26501547 -174.30615323 
"../360Images/394.jpg" 0.00000000 -43.87991958 -1.41319619 11.50921841 -1.50814471 -73.78028963 -175.25024690 
"../360Images/395.jpg" 0.00000000 -43.86505869 -1.19323102 11.63991779 -1.27214208 -73.19191907 -175.65041479 
"../360Images/396.jpg" 0.00000000 -43.81322333 -1.36266986 11.90207159 -0.35383514 -71.69492890 -176.11018001 
"../360Images/397.jpg" 0.00000000 -43.77451128 -1.48248680 12.04504478 -0.38912434 -70.99970936 -175.69665379 
"../360Images/398.jpg" 0.00000000 -43.72237817 -1.41509672 12.27682580 -1.58792584 -70.18896447 -174.30413188 
"../360Images/399.jpg" 0.00000000 -43.68573114 -1.07474328 12.42120944 0.96727458 36.87024463 180.19975891 
"../360Images/400.jpg" 0.00000000 -43.63233927 -1.23320351 12.55594400 -0.22165268 -68.40759685 -175.75890183 
"../360Images/401.jpg" 0.00000000 -43.58744928 -1.03483611 12.69263532 -0.79559902 -66.71012497 -175.38978856 
"../360Images/402.jpg" 0.00000000 -43.53985585 -0.99354614 12.81265095 -1.80718114 -64.90823028 -174.47297822 
"../360Images/403.jpg" 0.00000000 -43.49309151 -1.10388244 12.93755163 0.51090899 -63.40146397 -176.77690985 
"../360Images/404.jpg" 0.00000000 -43.43305340 -0.45514672 13.11077672 0.23304346 -60.66936655 -176.35378176 
"../360Images/405.jpg" 0.00000000 -43.36720619 -0.53234588 13.20830200 -0.57451855 -58.17063417 -175.16922362 
"../360Images/406.jpg" 0.00000000 -43.24869365 -0.52523545 13.36235274 -1.06988567 -53.20298665 -174.20092016 
"../360Images/407.jpg" 0.00000000 -43.15747774 -0.69963223 13.47126098 -1.58648237 -49.42097515 -173.13397077 
"../360Images/408.jpg" 0.00000000 -43.06423430 -0.31390353 13.57550004 -0.82854982 -45.34781000 -174.38581686 
"../360Images/409.jpg" 0.00000000 -42.90894731 0.36287286 13.67694332 -0.88695150 -38.91389658 -173.99708102 
"../360Images/410.jpg" 0.00000000 -42.78677965 0.46661832 13.74512144 1.01485003 -34.05806832 -174.58670103 
"../360Images/411.jpg" 0.00000000 -42.56618546 0.69105130 13.83381403 2.65494404 -26.55597357 -174.66551726 
"../360Images/412.jpg" 0.00000000 -42.41056763 0.70542155 13.87372278 3.69681494 -21.88010398 -175.34588247 
"../360Images/413.jpg" 0.00000000 -42.26882797 1.17437914 13.86849730 0.89540348 -17.50491837 -174.31334104 
"../360Images/414.jpg" 0.00000000 -42.11720232 1.46482704 13.87943568 2.15754397 -13.35570954 -173.33752407 
"../360Images/415.jpg" 0.00000000 -42.03958668 1.52817649 13.87545780 3.30338341 -11.06385636 -173.89407591 
"../360Images/416.jpg" 0.00000000 -41.97696017 1.32350697 13.85940574 4.13593650 -8.85246702 -174.63670937 
"../360Images/417.jpg" 0.00000000 -41.91725510 1.20347765 13.84184035 3.91241804 -6.93955644 -174.84410566 
"../360Images/418.jpg" 0.00000000 -41.78945339 1.22713116 13.83003061 4.05263083 -3.77343132 -173.34176294 
"../360Images/419.jpg" 0.00000000 -41.65463344 1.17177435 13.82230946 4.59682305 -0.34785193 -171.71103885 
"../360Images/420.jpg" 0.00000000 -41.52868044 1.19113845 13.80571450 6.81069385 108.26509398 184.87035839 
"../360Images/421.jpg" 0.00000000 -41.31620033 1.43530732 13.79391235 11.34109529 6.86346050 -164.71755924 
"../360Images/422.jpg" 0.00000000 -41.24777908 1.43135992 13.78007992 14.87485799 8.38408225 -164.04876868 
"../360Images/423.jpg" 0.00000000 -41.10191110 1.56371187 13.75352462 23.74304362 10.31956506 -153.83344378 
"../360Images/424.jpg" 0.00000000 -40.95032279 1.48307142 13.73314392 48.60925855 11.98149314 -128.79663495 
"../360Images/425.jpg" 0.00000000 -40.81465131 1.34042626 13.69177490 105.46832887 13.29916907 -70.91894845 
"../360Images/426.jpg" 0.00000000 -40.74886973 1.37591349 13.67318226 135.62453321 13.43473996 -41.34306367 
"../360Images/427.jpg" 0.00000000 -40.60426064 1.51668947 13.64407415 153.35084369 12.04500002 -22.11489357 
"../360Images/428.jpg" 0.00000000 -40.41606097 1.29105396 13.57992214 166.60156107 9.87815914 -8.63798342 
"../360Images/429.jpg" 0.00000000 -40.27248335 1.33796215 13.55907902 166.26156651 9.09677644 -10.72070282 
"../360Images/430.jpg" 0.00000000 -40.06827752 1.13398026 13.50573188 170.52048202 8.34101464 -6.88353338 
"../360Images/431.jpg" 0.00000000 -39.85544500 1.17031223 13.46764612 172.12251161 112.70848725 349.96116586 
"../360Images/432.jpg" 0.00000000 -39.71624445 1.20471034 13.42395975 175.12792910 6.96337811 354.84591780 
"../360Images/433.jpg" 0.00000000 -39.56506374 1.36559759 13.39576652 170.85440019 6.58257281 -5.73693697 
"../360Images/434.jpg" 0.00000000 -39.33554349 1.42449207 13.33040982 171.01106389 6.58370228 -4.80418781 
"../360Images/435.jpg" 0.00000000 -39.18658148 1.21318467 13.29998248 171.37730963 6.50988260 -5.63029745 
"../360Images/436.jpg" 0.00000000 -39.03520970 1.12000695 13.26276905 173.04486898 6.31788917 -4.50177435 
"../360Images/437.jpg" 0.00000000 -38.82655734 1.04644281 13.20693321 174.10881667 6.25249125 -3.58204421 
"../360Images/438.jpg" 0.00000000 -38.60818711 0.89398518 13.16063248 175.43299098 6.10727845 -2.20162996 
"../360Images/439.jpg" 0.00000000 -38.47527685 0.83655323 13.13199987 175.51141394 5.46251881 -0.59938084 
"../360Images/440.jpg" 0.00000000 -38.40759182 0.92751601 13.11434114 176.02472510 4.94550532 -0.79750532 
"../360Images/441.jpg" 0.00000000 -38.27873437 0.98520784 13.06795596 177.49361150 4.24845499 -0.86860454 
"../360Images/442.jpg" 0.00000000 -38.15791528 0.88304120 13.03061525 178.01078248 110.39487411 355.73539591 
"../360Images/443.jpg" 0.00000000 -38.09003317 0.83288722 13.02207156 176.15109491 3.70514165 -2.61315848 
"../360Images/444.jpg" 0.00000000 -37.88274528 0.80951286 12.97603085 177.02186048 3.78379446 -0.73280797 
"../360Images/445.jpg" 0.00000000 -37.75321818 0.81853208 12.94611817 175.70648988 3.27186874 -0.46231713 
"../360Images/446.jpg" 0.00000000 -37.60587550 0.90526518 12.91855241 174.04170018 2.64523373 -0.68729101 
"../360Images/447.jpg" 0.00000000 -37.47812945 0.57124174 12.88491489 177.51508275 2.50751471 0.71002274 
"../360Images/448.jpg" 0.00000000 -37.35167759 0.50707312 12.86892492 177.63732904 2.45156754 -1.03271696 
"../360Images/449.jpg" 0.00000000 -37.21190629 0.63171614 12.85849249 174.57812939 2.57500098 0.24183244 
"../360Images/450.jpg" 0.00000000 -37.06161914 0.86707188 12.83837517 173.46477512 2.35554458 0.06365592 
"../360Images/451.jpg" 0.00000000 -36.90551898 0.92567945 12.82014136 174.25855756 2.21563366 -2.16644486 
"../360Images/452.jpg" 0.00000000 -36.74856388 1.07972951 12.78410401 176.54606065 2.26711153 -3.06766925 
"../360Images/453.jpg" 0.00000000 -36.51353067 0.96629666 12.74037537 176.39480516 2.84285737 356.40061820 
"../360Images/454.jpg" 0.00000000 -36.36174926 0.77162069 12.71090975 176.87221130 3.51574521 -1.16965528 
"../360Images/455.jpg" 0.00000000 -36.14722070 0.67538375 12.67960559 177.56941094 3.15143525 -0.39132235 
"../360Images/456.jpg" 0.00000000 -36.01293070 0.65282896 12.65700215 179.17608274 2.97874081 -0.30655717 
"../360Images/457.jpg" 0.00000000 -35.79136385 0.87891120 12.63243214 176.36911435 3.05142741 -1.79808493 
"../360Images/458.jpg" 0.00000000 -35.62933417 0.90946637 12.60938781 176.37486352 3.35266055 -1.80246841 
"../360Images/459.jpg" 0.00000000 -35.41200684 0.97430434 12.56017688 176.73848361 3.09647198 -0.52069671 
"../360Images/460.jpg" 0.00000000 -35.27350363 0.88313718 12.52241771 177.29708015 2.62877085 0.60100303 
"../360Images/461.jpg" 0.00000000 -35.14769563 0.76258756 12.49768107 177.70120201 2.69259756 0.29045827 
"../360Images/462.jpg" 0.00000000 -34.85814466 0.86761261 12.45500609 176.83166256 3.23848786 0.00271413 
"../360Images/463.jpg" 0.00000000 -34.71460936 0.95084405 12.42578155 177.99890896 108.71416195 355.41006637 
"../360Images/464.jpg" 0.00000000 -34.56456240 1.03075296 12.38926235 176.43846473 2.66830231 -1.25420654 
"../360Images/465.jpg" 0.00000000 -34.43584304 0.77257068 12.35322088 177.13212911 2.13008806 0.93736268 
"../360Images/466.jpg" 0.00000000 -34.16437981 0.77854028 12.29940854 176.73610634 2.01875987 -0.27265576 
"../360Images/467.jpg" 0.00000000 -34.03056229 0.76391396 12.27420486 177.52299929 1.65741995 -1.14386520 
"../360Images/468.jpg" 0.00000000 -33.88643330 0.90720062 12.24695837 176.50888864 1.23884779 -1.21193448 
"../360Images/469.jpg" 0.00000000 -33.74540712 0.88289639 12.21311435 177.02721617 1.10077095 -1.23093149 
"../360Images/470.jpg" 0.00000000 -33.59554374 1.00026998 12.18408860 176.00085879 1.10559280 -1.69473884 
"../360Images/471.jpg" 0.00000000 -33.35626670 0.95994187 12.13350774 175.77779145 1.34299880 -1.59376970 
"../360Images/472.jpg" 0.00000000 -33.28557804 0.86718112 12.11374888 178.06831784 1.34904164 357.88410794 
"../360Images/473.jpg" 0.00000000 -33.14266963 0.83870347 12.07957655 178.12887571 1.29190873 -1.62093764 
"../360Images/474.jpg" 0.00000000 -33.01336408 0.75387409 12.03871222 178.89311030 1.27844909 0.21931355 
"../360Images/475.jpg" 0.00000000 -32.81291570 0.84525571 11.99108453 176.58886232 1.39889570 -1.15044066 
"../360Images/476.jpg" 0.00000000 -32.73678748 0.86134268 11.97707228 175.12856320 1.34899540 -0.59222653 
"../360Images/477.jpg" 0.00000000 -32.59273542 0.71436977 11.94900987 176.49920918 1.36821187 -0.52391075 
"../360Images/478.jpg" 0.00000000 -32.45111042 0.75846669 11.92225217 177.53776682 2.23620147 -0.84298987 
"../360Images/479.jpg" 0.00000000 -32.31114648 0.76334907 11.89075333 177.54220811 2.60520816 -0.80062680 
"../360Images/480.jpg" 0.00000000 -32.17324056 0.72444431 11.86452643 176.71753603 2.81941532 0.20928681 
"../360Images/481.jpg" 0.00000000 -32.01989456 0.86209430 11.84318096 175.74707473 3.47136880 -0.42123423 
"../360Images/482.jpg" 0.00000000 -31.86846064 0.88015573 11.81111036 176.94617926 3.89440893 -1.16335323 
"../360Images/483.jpg" 0.00000000 -31.72566084 0.84966873 11.77706129 177.46178280 4.13262953 -0.36857836 
"../360Images/484.jpg" 0.00000000 -31.59281919 0.86793257 11.73563416 177.64007483 4.11405039 0.18103550 
"../360Images/485.jpg" 0.00000000 -31.40012760 0.83468673 11.67700407 176.48581277 3.47030624 0.38214202 
"../360Images/486.jpg" 0.00000000 -31.32766157 0.86816448 11.66244406 176.77289450 2.79197813 -1.26548449 
"../360Images/487.jpg" 0.00000000 -31.17443453 0.91377465 11.62935636 175.79630461 2.41873366 -1.67391469 
"../360Images/488.jpg" 0.00000000 -31.03385823 0.73846242 11.59205731 177.58422798 1.67466742 -1.38977719 
"../360Images/489.jpg" 0.00000000 -30.83040454 0.79335970 11.53360941 178.49359739 1.26761652 -0.24582181 
"../360Images/490.jpg" 0.00000000 -30.61898144 0.93266477 11.48071254 175.66146575 0.19672396 -1.83381806 
"../360Images/491.jpg" 0.00000000 -30.45254723 0.93371626 11.44590371 175.62650248 -0.55507121 -2.88898106 
"../360Images/492.jpg" 0.00000000 -30.29710968 0.84837684 11.40113755 177.16599205 -1.07149060 -1.29851675 
"../360Images/493.jpg" 0.00000000 -30.15742793 0.89192752 11.34654584 179.96584498 113.48078686 356.17056657 
"../360Images/494.jpg" 0.00000000 -30.03866708 0.64694687 11.29461802 179.11458964 -2.72196121 0.36340817 
"../360Images/495.jpg" 0.00000000 -29.86309744 0.47815622 11.25500454 178.18869381 -3.92511072 -0.75335297 
"../360Images/496.jpg" 0.00000000 -29.71789209 0.62732701 11.23311079 177.04985108 -4.96997756 0.10638278 
"../360Images/497.jpg" 0.00000000 -29.53507745 0.58988531 11.18345153 177.20303611 -5.76031584 1.39837784 
"../360Images/498.jpg" 0.00000000 -29.40103530 0.64225150 11.15772578 176.52915351 -6.46439481 0.71809768 
"../360Images/499.jpg" 0.00000000 -29.26651804 0.73008099 11.12945761 175.73796301 -6.60235038 1.38215033 
